137176
134724
134703
139704
18428
136203
138269
134701
137289
61153
20127
134046
137704
137923
32924
32384
136621
15379
135316
134758
137210
30452
138517
138821
51068
70966
81826
75150
136489
141641
76369
80324
48276
129723
16292
63281
44024
132355
134893
131997
72405
139080
1523
133626
67353
60430
31136
10689
59908
135386
69149
25428
48697
25570
135068
89681
135890
40828
61916
67453
77158
57332
131778
131095
137754
81755
58470
136415
24074
18057
73382
18032
40971
64234
46920
17369
54889
133564
26688
136875
45190
136413
56380
43704
25709
137062
43218
138939
37147
42076
57455
61595
132703
77639
74416
38056
137115
129283
136035
129941
119203
45614
72151
41168
1504
34211
67958
31662
55063
48080
4085
60246
24896
24063
134258
748
59470
37242
26355
31932
58843
135216
23597
63508
11809
20300
466
14067
72837
54276
1243
69362
979
54956
70947
63695
38246
134163
43916
36159
79081
42368
129913
65838
51783
17613
128749
50251
137083
133477
14628
35565
52298
74121
36959
29539
139
4880
45731
130176
79661
16951
129722
1164
22238
50039
43886
135661
12731
26937
36845
66715
22720
57178
55716
82615
81096
22142
21567
47610
63156
997
13930
14468
32461
132456
17981
133651
141630
66012
38049
42341
5147
371
43134
16446
63630
55046
25042
20566
69492
132267
30453
40211
78832
57923
45852
24424
43201
26704
60431
35528
41099
73218
32136
15013
1866
41286
80652
70803
76907
36085
85095
31
51373
33632
29657
17976
62454
61352
9268
75873
1069
32346
47388
26421
32813
33227
168
28159
36683
31742
57876
28061
42693
133889
129099
41476
75543
80268
75540
52932
9644
26619
20326
61375
10936
22145
63941
21347
29671
81576
14382
55843
19825
135719
66425
59368
30107
85090
30740
33272
48937
59724
9879
79914
50061
42451
36988
63016
17535
64552
12563
55951
34818
79369
490
81463
49819
85995
64190
70204
50168
15641
26766
34645
72324
67097
51262
15303
70256
58998
70853
281
33560
83240
44156
56774
19536
42034
24366
9188
72053
68146
50033
2874
67184
67620
25023
68234
41395
23608
31217
134997
70158
11375
77879
62340
55262
16943
63784
88957
86042
66727
18264
143175
81596
20800
47759
63023
150570
27448
30316
43049
70370
77099
76832
60503
12330
14135
20186
41495
50279
137674
4221
24793
37723
30434
151
41610
79899
50031
27480
14662
48712
42561
12054
68077
83787
63158
83782
114838
10072
116177
2685
2756
3641
3716
3888
9071
9381
9442
9494
9869
10678
10760
10796
11684
11922
12280
12815
13097
14502
14520
15068
15713
15773
17451
18231
18239
18528
18663
18986
19204
20307
20359
20732
20795
21098
21606
22526
22870
23580
24202
25137
25615
25811
26812
27178
27416
27693
28690
28751
29194
30128
30165
30216
31096
32128
32402
33110
33506
34859
37027
38131
39987
40170
40263
40319
40473
40883
41433
42117
42713
42965
43202
45356
46206
48874
49008
51950
51956
52112
52324
52351
52751
52778
53695
54268
54661
57037
57092
57638
57790
60428
61377
61474
61656
61726
62058
62713
65141
65931
66660
66792
67528
67967
68278
68742
70137
70430
70516
70940
70981
71106
73065
73634
73952
74385
75198
75645
75971
76552
77040
77545
77769
77885
78438
78781
79549
79706
80427
80927
82406
83418
83434
83557
83775
83776
83777
83869
83890
87211
87977
88680
89832
89833
89834
90132
90144
90544
90587
90712
90816
90829
90834
90847
91756
91998
92274
92283
92458
92501
92598
92775
93076
93228
93477
93568
94138
94234
94917
96432
96586
97090
98314
109462
113357
114889
114895
114907
114908
114909
114911
114912
114922
114932
114934
114939
114944
114946
114948
114951
114952
114957
115305
115616
115717
115904
116109
116115
116118
116120
116128
116131
116133
116136
116155
116156
116166
116170
116171
116172
116174
116175
116176
116178
116179
116180
116181
116183
116184
116185
116187
116190
116199
116206
116207
116211
116212
116220
116222
116377
116926
116997
117337
117345
117569
117572
126367
127216
127940
129301
129331
129593
129907
130515
130949
131126
131127
131128
131129
131849
131959
132088
132110
132178
132432
132615
132834
133211
133236
133535
133621
133660
134026
134393
134691
134694
134817
134823
134887
134968
135158
135228
135548
135549
135627
135689
135707
135708
135855
136029
136186
136318
136675
136855
136931
137200
137396
137397
137450
137498
137716
137912
137924
138221
138576
138641
138786
139075
139538
141519
141823
141897
142011
142237
142242
143561
146732
147226
147411
147471
147504
147505
147675
147676
148549
148742
148988
149442
149557
149581
149596
149641
149862
149868
150341
150403
150417
150590
151353
151413
151580
151614
