112659
78602
135665
117033
27738
136205
134176
132455
132306
44946
136740
69183
431
128834
67925
129206
80799
132844
94
72991
134422
259
35364
44178
134891
89760
117057
34134
141497
439
14151
2021
1593
132946
45347
17662
75033
94918
1073
419
1794
70926
55117
135680
14935
10469
135541
19788
19975
16034
104198
19666
17817
147
160
139390
504
1107
1163
136474
48582
42953
60334
52976
136480
134347
564
27883
67592
934
66941
73217
47338
30910
113331
22416
46040
70220
65556
80938
1291
890
333
82132
82064
36381
848
28830
22502
4872
54162
237
25068
133154
21186
22678
133764
49120
6737
4608
469
128853
1214
15788
859
6850
97243
41480
13173
116884
9829
113713
931
129839
319
28038
114301
15295
77889
112653
113380
48136
117056
132550
132523
67646
22091
22193
73727
135755
62940
116780
12032
70914
856
4761
119202
35845
51475
531
32712
30210
129804
36357
127266
62665
81332
13999
38867
54070
4288
6746
14195
40985
4181
81076
245
1083
1168
137066
35169
54798
4317
822
3912
72555
29358
114442
25649
58905
37179
4679
49626
88386
55225
30
30202
55004
38614
7722
69970
81762
63767
64388
23562
138474
139488
821
6730
94810
90079
1039
5534
11926
72168
96137
4865
23095
115132
4610
81507
38417
144
59571
88983
136454
117052
54060
36511
133897
10307
133065
78384
49073
109
30291
80985
139015
16807
75911
35418
139590
134239
132458
59947
50951
132670
23294
129062
62787
45656
40832
19894
64054
66514
66117
3062
53754
9172
72798
66340
84120
70274
53069
135334
59360
134985
24654
42546
882
6599
292
114388
4175
116339
49731
56593
80510
50524
130615
38661
93072
10574
61490
92799
61947
96789
92432
7991
77817
132295
77936
133307
104169
14925
1248
4888
53357
10357
91244
33011
27743
12615
95346
74515
26480
117546
1696
137266
16646
1318
61633
91503
89460
3409
62822
85878
1520
80508
63365
92754
138420
109505
16483
15048
80970
78151
15190
92293
72390
35386
90064
92804
110011
91944
4266
79627
62770
68562
81881
129919
11785
5519
91461
11681
49737
114329
136992
92506
13216
7088
90745
139037
63450
116754
127171
45881
91297
28588
149689
94768
81996
142058
80177
93678
37753
113605
4803
68935
64645
92821
52796
48436
91509
96151
89823
64523
4415
116310
87965
17865
127983
129309
47763
116883
56535
130638
135856
6840
147472
27906
30214
78886
97297
80129
63984
8637
6310
93564
134023
7084
93825
89960
33990
149283
4108
33038
92370
16247
7372
135588
127265
89551
11890
55240
1762
50584
58714
54113
90168
94772
2168
7686
117622
93573
148482
119633
35356
117442
73549
73122
8465
134162
3606
93861
80764
7660
20602
116933
87066
34542
49710
71671
25886
7278
7657
11802
149055
117422
115175
139732
93667
89842
129952
84811
93799
45279
2249
59641
81103
31333
147887
76116
2581
89809
56505
132015
69599
3750
6221
132719
90436
92406
128788
148839
94769
21429
93593
64454
92508
2801
81064
89390
23793
15081
35029
140762
116330
3353
92368
131842
92307
51004
133895
4218
1397
34732
80159
92320
28603
42340
29686
8461
7939
135073
148233
139531
7382
119421
117478
20893
95352
50638
136947
7270
4768
59475
90383
93090
141888
131084
4097
90433
91352
11191
5159
117549
8357
5636
14959
141825
46201
88445
2199
37524
4368
84768
89814
39279
92215
151505
88506
35014
86092
129852
4724
7951
129611
60877
22517
92762
21452
42484
87123
45479
27205
114774
109412
5169
69701
4750
89716
91480
1216
87792
11631
80977
25521
90399
41682
10129
57534
8458
88615
54270
62657
4274
46323
26600
57309
84368
89942
91478
35960
54951
15681
33359
8845
91510
91527
89702
109459
6492
8258
28385
45132
71800
96513
27990
117073
9977
4716
83795
96455
83603
117120
87039
12827
79498
87569
30645
8440
9058
51712
6219
5017
43208
35973
90675
129996
92878
34539
98776
85583
78065
74516
2979
88407
94759
7318
19081
66960
87783
20923
9513
82973
12721
65063
92968
119344
20305
77371
5549
3988
108164
93921
12520
53480
75429
6324
18874
2005
7350
91494
92746
7806
92690
90227
26345
106
404
1314
1373
1392
1694
1730
1795
1859
1960
1970
2140
2312
2321
2446
2481
2518
2520
2691
2692
2694
2831
2989
3002
3182
3244
3435
3476
3578
3781
3990
4193
4237
4289
4319
4325
4354
4355
4356
4453
4555
4607
4637
4743
5018
5046
5165
5202
5204
5257
5280
5319
5322
5329
5333
5335
5338
5658
6662
6727
6758
6931
6993
7025
7032
7191
7250
7329
7433
7669
7730
7785
7811
7892
7898
7937
7961
7967
7968
8087
8145
8498
8558
8776
8795
8834
8839
8915
8916
8946
10899
11036
13558
17292
17927
20250
21999
22824
22947
23301
26532
27814
29404
30268
30737
32000
32079
36300
36373
36439
37943
38220
41341
41410
41432
43288
46608
46796
47435
48215
48237
48857
48971
49979
50706
51529
53630
55289
55828
58024
59624
61010
61402
61965
63814
63883
63923
66574
66973
67555
67801
67945
68898
69643
71160
72030
72331
74893
76101
77852
78069
79849
80557
80564
80781
81936
81937
82212
82682
82744
82919
83019
83546
83789
83820
85063
85627
85976
87122
87753
88391
88426
88516
88626
88994
89298
89553
89765
89778
89824
89996
90013
90026
90164
90232
90270
90332
90567
90651
90684
91007
91158
91333
91436
91450
91457
91465
91488
91941
92359
92828
92873
93049
93378
93437
93555
93583
93719
93812
93906
94088
94140
94587
94722
94779
94791
94827
95356
95408
97438
98290
100242
109883
114459
114731
115148
116060
116741
116798
117390
117485
117506
118106
127154
127935
127946
128670
128969
128972
129741
130340
130497
131071
131137
131996
132022
132220
132268
132369
132514
132560
132565
132635
132742
132923
132948
133169
133170
133184
133232
133701
133864
134164
134451
134522
134687
134992
135067
135072
135321
135331
135586
135641
135666
135715
135909
136236
136530
136578
136617
136627
136664
136918
136943
136948
137020
137081
137256
137371
137708
137709
137728
137812
137941
138025
138429
138458
138473
138499
138555
138806
138813
139265
139355
139480
139673
141085
141476
141642
141817
142059
142326
143113
143276
143318
143340
143611
145196
146747
148235
148280
149317
149365
149366
149425
150713
150820
150957
151445
