151349
151549
135279
139471
134723
134704
137962
75893
139606
135934
150410
134705
24286
151138
58107
34688
50777
133328
97248
62189
1096
48288
38364
61261
138546
39715
202
759
11861
20730
129168
38819
1090
1050
25937
66007
135801
150939
138937
117045
31784
150213
92287
2439
131841
151025
54459
94
143553
137354
68337
80796
75242
29195
29944
150081
89760
147415
19201
109637
14235
136563
22305
64385
72027
135521
64025
93690
43276
116991
133351
59933
21596
140358
143153
45483
147322
17949
68746
136217
136325
147574
141923
34901
139686
148474
1743
137211
30757
94918
47801
74026
115845
127968
30577
73178
1771
80906
29505
36835
1653
27773
134524
18424
149119
2415
55814
76243
149529
134525
55050
63804
71153
40541
42644
151550
143345
128861
69335
150835
41873
74820
64873
77652
54362
14141
10394
150074
58645
143383
68230
93846
90127
13982
504
20390
1146
1163
7414
33744
41041
137724
151026
45445
34952
91299
91458
975
37693
40196
137640
147221
1212
149178
424
141175
78523
143515
109636
15636
12063
80374
43997
37006
26996
137111
91989
140946
47338
43171
130824
93656
48591
41206
51672
112672
143369
28484
35283
32310
148258
4627
29101
26846
2820
147823
141644
151351
37925
119219
90121
141393
149245
147813
5357
1808
151020
141471
142383
60327
5108
211
21203
25467
10462
142358
137973
2993
96720
141390
38986
1022
11884
116393
1591
7662
869
136160
4604
28922
51508
42607
43611
79019
11250
43087
81954
330
76589
85620
22502
116436
34594
1610
50157
4872
13956
117321
51799
1745
15720
115828
22678
141818
1013
56146
6737
5258
14522
1101
1214
20913
149048
136773
4492
114299
55014
31089
116359
131296
117586
128613
36431
148481
141173
13537
133465
138268
147223
85246
137721
52598
69141
140326
89653
49209
52824
35517
1358
114351
142351
48387
1467
113497
3155
41369
139376
28038
75292
15295
131823
29814
116004
44698
136386
142168
67943
109455
147474
43961
139023
450
150962
30436
116354
139839
8070
12727
72067
7648
140348
90023
26061
133644
71836
42753
636
4666
26515
61979
150559
93451
147360
4813
1026
91287
92237
90288
26057
74964
59274
141797
143201
96976
4761
4641
93758
57053
136847
93387
113754
40024
132445
9652
134361
18801
17257
24009
55836
1362
136197
128642
148507
531
90356
149260
7728
36357
136330
40270
147502
135515
71457
16653
134692
136977
62415
142344
146761
10274
3891
149138
132262
5274
134417
46021
139709
5596
117322
4288
35416
39252
7761
25245
39120
63798
840
74959
66981
129805
1616
61654
48217
127
90434
3912
19834
150357
34311
54479
36706
150742
57653
134352
20920
135472
75336
23499
22302
135324
129381
29886
80021
27360
10728
42198
59440
78357
135658
91994
93083
131749
88684
130264
147363
54237
134302
97255
151350
76557
4679
94813
150087
29076
21090
132631
57845
139089
56262
6871
136884
88386
112669
744
134713
133336
64112
117739
31605
45619
56172
749
7334
147421
90085
113758
95439
26106
132484
81495
142666
23411
137762
43880
15043
115729
148479
7722
27853
137951
117473
113715
150561
1147
8268
75995
121331
93699
132553
44071
93074
1003
90050
46646
11158
67743
89611
27854
16434
148946
65657
149867
30550
146746
76826
129025
139579
53584
45052
133163
54176
1111
127099
4947
7652
77970
59888
119422
139353
139025
3849
9463
23840
44829
92362
62150
32365
90079
91296
89041
135812
78765
14937
14966
57450
81194
24542
4865
115715
149929
132258
130985
92390
141479
72924
139352
73161
41251
5401
64812
135177
136874
2116
136742
93832
151407
78309
129867
41929
113720
7721
2351
81328
44638
90030
93586
39063
72520
93606
139810
112681
29640
121362
42483
134547
55861
58503
94607
128637
9821
70888
93508
132698
151410
135850
95773
133363
134214
151406
93796
5637
131343
135218
94822
92755
6233
24585
42760
147404
117477
34432
113701
30291
46945
139496
31237
138679
41812
58218
7857
139590
8379
7684
137015
129542
135824
82099
115360
139414
132161
131362
90062
93544
136633
59699
32192
143108
11571
136432
138027
132034
114413
150800
149665
112684
92570
42470
88916
34182
8535
4995
89789
63248
134696
129601
150740
90146
4965
134727
90336
137857
43814
135524
93645
40832
132892
141176
7611
93487
66514
133745
27772
135835
143518
148955
148734
7680
89825
130291
81459
130259
141389
113696
93725
109458
89790
137038
89679
137061
5109
116840
52682
128624
18719
136763
5309
81856
30584
136967
36485
133782
140355
817
113695
131168
93484
116350
131099
58766
134803
132085
40920
7921
140349
142269
136391
117727
8151
139655
116435
33936
89948
65813
8496
143391
143152
22072
5158
149732
135334
131950
130510
119204
54727
133765
132677
70068
74501
42762
134985
73974
133025
116914
134165
2921
148462
91262
8832
6599
89691
56476
149356
119420
483
95413
33673
1245
147810
135167
4175
129264
89937
132516
132725
1583
21162
93774
130714
928
133222
133320
72984
93365
90102
135981
93582
6486
115772
142319
7109
143583
150384
134340
40719
36010
113040
129672
93072
98739
4168
7716
16928
115892
75558
133393
139533
141230
128636
117481
7665
117563
137222
141037
91313
134084
141836
96789
60504
137534
141216
147377
138690
135719
137881
134879
92817
79608
77817
116481
40873
136436
41456
137983
141912
147868
61858
137227
117082
4318
3049
136602
114753
16557
21380
4111
135578
6960
8157
96518
137245
90326
4888
43748
393
93814
53357
134355
10357
136008
129452
113632
91244
15928
92840
90048
137828
116758
1997
92824
738
11686
136895
134360
3832
43020
137687
73561
113572
113394
89941
127908
117546
93572
113351
95343
94737
42093
42227
63278
91257
140285
89460
8071
140357
81723
33024
137858
137138
134356
113069
92099
13548
129173
59126
78570
129202
135325
114368
137000
128634
7204
131192
132950
140312
136745
8137
134829
73422
2007
133507
16494
114583
148363
11932
90391
137880
52840
40032
75585
94879
15709
16483
113585
93454
51436
24609
4982
129849
127173
42770
117301
142121
134521
151644
143176
136736
149448
1139
114757
134715
128615
114328
7727
7701
136033
6887
127928
92293
118021
136326
53752
138460
114917
88937
7344
581
134972
138977
91274
81290
96323
130978
116733
93833
72220
141788
134974
93765
5642
17890
4125
116241
65996
4266
138091
93729
32156
133894
141998
132197
134548
2152
116025
81881
13787
115917
137720
115975
68353
80737
131194
149630
89871
151408
90152
74583
1351
8168
147564
148228
5519
94838
136734
32403
48251
89678
137690
141802
91906
113721
139885
129271
134129
49737
138973
133026
116407
134159
2046
129088
58633
94747
67498
147229
134113
90301
129837
30862
61844
91356
93670
130926
133746
115598
132785
2314
90367
95419
132802
150255
54591
119211
90171
90504
3215
114737
135522
116329
134792
135877
92035
116348
90343
121587
33747
89997
93608
93679
136803
113705
114419
75271
128803
90173
135837
129461
137109
133168
96982
146748
9094
97289
4428
91283
90341
97280
137189
143608
127194
137967
27612
117438
68935
134892
71904
134452
78159
90477
7924
134834
4467
129671
8898
134720
85975
94909
131901
129853
88663
47181
135889
109820
116807
134188
4032
90457
93680
127101
141228
93109
132630
136167
128616
114851
96547
116352
3537
96970
17619
131750
150560
70789
127931
11799
25301
113147
121368
28483
94760
682
109506
130857
127837
93826
98744
135892
94821
135951
94985
63112
138007
131647
93727
43758
133306
132797
75008
131164
119228
137757
120900
96590
94742
85789
4804
93681
135510
142188
74352
147893
116916
130638
74315
132943
132010
2484
117590
6840
4513
136216
94986
117732
89738
116756
61936
130324
132925
23369
65822
133516
143390
90125
90178
129038
93668
134771
150535
120321
131703
119
114426
91240
131459
94590
4824
24995
89936
133831
115912
142665
117583
138936
113735
51683
132009
135263
8039
116757
6990
23340
135878
135536
149488
22800
7084
93813
113685
116843
90155
91982
32426
8972
63316
132020
426
131231
117428
129509
119375
10116
138047
22409
94525
135841
113619
135814
7948
139479
45945
149892
93929
133650
89767
117738
31210
117671
150227
39287
113748
138196
137398
133565
136952
139710
115776
151411
22236
89596
104171
2681
140350
93460
132008
120316
134518
5639
8048
113984
128953
91194
137287
92798
113244
117406
116294
117745
114653
138969
136366
132822
63430
114350
149951
131948
147422
113603
89603
96322
93762
137001
133438
117757
7693
117482
93091
117023
134755
116913
116020
18937
90025
114425
133545
141174
92323
24141
4550
93440
3354
90168
148822
149950
2168
38434
8101
136201
132957
14607
148632
117030
149640
116976
117174
47008
6170
96523
116010
93721
117335
10066
56598
113593
128764
114428
35962
112670
129172
136953
93388
90539
115055
73549
117710
5455
20895
116873
114331
136496
113460
117440
20145
137012
129628
91205
93338
136997
117474
137756
92469
69177
135326
115700
90093
135475
94071
109817
149696
132558
93450
113241
31904
129213
10085
904
90361
133478
82745
149626
61611
90426
131507
127536
93497
2476
134748
94530
7988
134863
88479
115664
90137
113339
137855
57990
115278
24128
129743
25219
93881
10060
96033
134011
136695
135039
114390
117573
92363
94708
10529
130093
136694
150350
4109
114370
130722
132629
133499
139434
143286
143309
43731
92111
132109
48511
140354
93682
127930
95341
6604
92414
129814
38126
84811
130153
44851
107901
129086
4549
7080
142375
90344
92767
129503
128641
1361
82245
94777
135335
93705
92018
3204
117483
138282
112671
95479
117744
132888
3592
112657
128921
96135
92374
131234
115987
15322
94533
134945
133863
80955
117729
96592
132963
135403
93569
73992
20376
117584
138494
131257
110091
6221
92842
4889
114447
136595
972
132722
93510
93851
62470
85744
17721
131216
114809
115863
88536
117475
129803
77991
137190
112674
346
132618
94769
135845
96484
147364
93339
136364
34846
131802
142191
130669
138796
137753
8698
128925
89294
42229
3353
79493
134127
96544
131495
114773
43590
137234
116291
115900
40645
104168
36415
136705
34732
90787
92226
80159
113697
133569
139389
89566
82747
91992
136949
18770
141394
116999
117003
138914
149241
143158
15633
119206
16791
116947
149453
10427
35132
89699
113322
93782
93546
135304
89780
114562
130125
136215
131593
113337
74805
89583
91282
135083
143520
3909
44238
134169
138055
140356
93612
80256
132542
135756
62858
139388
47781
59649
29525
95160
137323
136036
116850
66913
87779
5622
110015
128617
51111
81251
150161
91207
98743
92372
138986
90354
92391
135888
68743
149239
139022
133177
136475
117480
4740
5653
94811
415
36936
92556
112719
131887
141160
2437
5040
91138
43538
92507
114861
97275
150562
92350
36499
8935
8238
93279
94738
25659
75660
92554
132636
131011
96975
117439
137792
5636
82687
92417
141787
129844
92327
59385
93537
116357
132827
116293
6929
128992
91275
136123
372
1005
116954
149237
116349
116973
136774
117358
132564
133300
149549
135748
88277
130081
136557
22595
39034
113630
93459
137666
135747
149949
92215
133135
126518
15698
119450
47631
134432
88754
91930
138247
117110
130201
73551
134747
138979
132032
36264
135364
769
80197
9060
131086
134825
114400
31497
37878
114734
74068
90560
60877
92732
93893
92762
76750
113034
92419
115754
93501
19439
5447
90399
96450
94470
35457
88632
93824
96533
117357
115084
94893
115615
31941
92565
7770
54208
3625
52000
114487
4410
90357
92796
26456
80743
116307
70263
59466
70390
892
97263
96606
3650
90169
93547
104212
92413
91273
7708
93342
115716
8701
98820
114411
115856
91901
41983
20838
73991
43281
64960
47376
81874
76595
96399
116388
1014
51868
3536
83616
916
70821
6769
94795
115749
75097
76727
116366
59579
91945
116985
113651
113722
2646
60991
54059
73289
96748
60376
44006
78909
92839
71320
92810
90153
128959
57931
90108
129949
880
4429
2262
109839
60933
117178
113686
91972
97565
85583
114219
119207
120442
91752
90591
8318
9410
120469
90094
21295
15644
3132
116790
81452
117686
89957
68744
94913
51596
82686
113687
114138
93984
4481
31363
59469
82679
28348
5549
113534
113727
96794
114742
116445
128948
113287
120947
4040
53480
69073
53539
56354
74038
74521
34441
114453
7350
92608
43005
93994
71018
93894
92655
80958
115160
116389
93804
90221
114096
7938
7806
78170
23832
98742
96502
48943
90227
13493
94609
94176
26345
82746
90204
129146
7087
97319
114516
12913
59
404
532
590
622
697
1065
1314
1402
1462
1512
1526
1529
1692
1694
1730
1828
1859
2056
2134
2140
2265
2312
2329
2400
2436
2470
2518
2565
2604
2606
2693
2695
2791
2826
2831
2890
2926
2949
2985
3002
3009
3026
3028
3037
3066
3067
3077
3088
3090
3093
3128
3161
3211
3244
3301
3424
3425
3435
3442
3475
3476
3491
3505
3578
3616
3624
3626
3649
3663
3770
3808
3817
3822
3829
3833
3834
3890
3935
3978
4011
4026
4117
4193
4259
4319
4395
4548
4624
4642
4794
4830
4945
4975
5004
5027
5035
5046
5058
5061
5104
5202
5325
5326
5411
5419
5540
5578
5582
5658
6173
6203
6205
6229
6595
6663
6684
6692
6738
6837
6874
6910
6911
6913
6920
6931
6945
6993
6999
7026
7033
7041
7042
7069
7090
7097
7110
7180
7183
7311
7351
7353
7354
7355
7525
7526
7527
7528
7529
7530
7531
7533
7534
7619
7664
7669
7699
7755
7811
7834
7860
7868
7874
7876
7879
7884
7897
7901
7937
7941
7952
7953
7968
8061
8087
8088
8089
8142
8145
8160
8166
8193
8276
8289
8346
8351
8355
8491
8498
8534
8542
8550
8554
8561
8562
8719
8724
8733
8769
8776
8794
8795
8797
8798
8834
8842
8881
8882
8916
8940
8946
9031
9032
9033
9062
9086
10141
11002
11139
11586
11795
11866
12788
13048
13476
14286
14610
16414
16985
17787
18115
18884
20431
20830
21381
21443
21595
21863
23130
23169
24552
24857
24907
25720
26128
26254
26322
26662
26992
27098
27374
27442
28728
29013
29648
29727
30034
30125
30638
30799
31637
31855
32079
32185
33266
33516
34306
34760
35772
36060
36144
36300
36328
36546
36904
37037
37943
38789
38877
39228
39538
39875
40846
41368
41949
42163
42885
42990
43288
43291
43461
44603
44756
44872
45014
46328
46611
46784
47513
48513
48946
50130
50689
50801
51162
51321
51426
53052
54097
55095
55168
55175
55444
55764
55925
57129
58024
58425
58453
59543
61193
61426
61461
62188
62524
62789
63676
63814
64665
64995
66185
67423
67865
68363
68673
69264
70236
71070
71647
71688
72413
73452
73492
73601
74632
74813
74919
75311
75843
76286
76738
76960
77356
77762
78095
78201
78293
78723
78760
78818
80564
80931
81543
81635
81968
82502
82680
82682
82736
83113
83177
83314
83366
83533
83541
83552
83605
83634
84357
84547
84715
84831
85412
85456
85567
85655
85734
85768
85793
85869
85950
85974
86757
87106
87290
87302
87336
88281
88284
88397
88403
88405
88422
88496
88501
88516
88573
88579
88594
88599
88624
88626
88698
88955
88994
89266
89385
89408
89438
89465
89468
89478
89479
89490
89535
89562
89575
89576
89579
89591
89625
89627
89633
89636
89658
89736
89742
89746
89778
89883
89886
89930
89940
89971
89996
90047
90054
90072
90076
90091
90097
90099
90149
90150
90158
90160
90164
90201
90206
90208
90215
90223
90238
90239
90243
90323
90337
90380
90390
90424
90429
90575
91140
91158
91186
91247
91408
91450
91457
91538
91542
91570
91572
91573
91934
91987
92003
92022
92043
92217
92224
92229
92240
92369
92371
92382
92393
92421
92422
92429
92444
92517
92525
92540
92555
92671
92735
92736
92738
92758
92766
92769
92774
93031
93046
93062
93073
93079
93244
93254
93294
93316
93325
93345
93363
93441
93474
93511
93525
93534
93536
93552
93574
93583
93653
93658
93703
93734
93737
93739
93761
93778
93812
93820
93837
93901
93910
94096
94124
94183
94482
94532
94539
94568
94603
94633
94679
94731
94746
94756
94774
94799
94807
94833
94924
95304
95342
95356
95492
95807
95909
96116
96133
96382
96746
96747
96749
96767
96772
96985
97258
97279
97287
97365
97372
103132
107879
108271
108275
108904
108948
109463
109465
109818
110009
110079
110411
111526
113026
113117
113276
113280
113297
113385
113568
113634
113657
113710
113711
113718
113732
113818
114083
114302
114330
114339
114341
114342
114365
114392
114399
114412
114420
114446
114463
114477
114733
114785
114812
114813
114837
114931
115057
115082
115086
115091
115432
115578
115667
115691
115713
115719
115731
115736
115748
115916
115950
116012
116150
116242
116266
116292
116337
116351
116365
116405
116722
116726
116852
116885
116932
117011
117035
117036
117041
117085
117094
117102
117117
117344
117360
117387
117390
117496
117545
117572
117581
117623
117679
117716
117980
118194
118340
118559
119119
119226
119227
119231
119238
119435
119629
119663
120222
120392
121330
121357
121361
121366
121582
126094
126514
126519
127121
127307
127565
127566
127907
127975
127980
128310
128625
128651
128670
128786
128839
128943
128949
128972
129014
129103
129129
129190
129196
129203
129380
129548
129551
129553
129604
129617
129637
129640
129654
129659
129687
129720
129740
129788
129797
129869
129925
129950
130048
130079
130100
130261
130274
130306
130312
130330
130362
130500
130550
130571
130645
130670
130745
130753
130773
130807
130878
130908
130929
131009
131094
131125
131166
131189
131193
131238
131243
131314
131324
131344
131451
131471
131488
131489
131491
131502
131503
131504
131505
131506
131509
131510
131514
131515
131516
131517
131524
131536
131538
131551
131554
131555
131561
131568
131573
131575
131577
131583
131585
131597
131599
131607
131608
131612
131616
131618
131624
131625
131627
131635
131636
131637
131640
131642
131643
131644
131648
131650
131651
131658
131661
131662
131663
131665
131666
131668
131674
131676
131678
131679
131683
131684
131685
131687
131693
131694
131695
131697
131699
131700
131701
131702
131704
131705
131706
131708
131709
131711
131712
131713
131714
131716
131725
131761
131814
131822
131838
131885
131904
131917
131932
131989
132002
132011
132040
132084
132160
132167
132196
132201
132204
132206
132208
132214
132215
132217
132218
132251
132260
132263
132266
132271
132290
132292
132308
132310
132433
132448
132457
132469
132473
132492
132554
132560
132561
132611
132642
132643
132674
132675
132687
132688
132689
132692
132694
132718
132748
132787
132801
132808
132815
132826
132868
132869
132896
132937
133001
133027
133085
133110
133111
133112
133113
133114
133150
133165
133187
133218
133255
133256
133287
133292
133305
133316
133342
133370
133381
133383
133385
133415
133421
133422
133423
133424
133425
133426
133428
133440
133466
133482
133486
133492
133494
133512
133513
133514
133518
133562
133617
133634
133655
133659
133748
133783
133785
133786
133841
133906
133938
134001
134025
134050
134130
134140
134142
134145
134147
134178
134185
134187
134310
134311
134318
134321
134335
134375
134386
134397
134400
134411
134437
134439
134523
134571
134613
134631
134640
134678
134680
134698
134726
134752
134754
134782
134784
134789
134791
134822
134856
134869
134870
134944
134947
134975
134987
134999
135007
135012
135013
135040
135082
135110
135116
135121
135129
135131
135255
135260
135276
135314
135323
135332
135338
135361
135379
135385
135440
135473
135498
135501
135502
135507
135520
135543
135583
135585
135595
135608
135623
135635
135640
135735
135834
135836
135852
135919
135958
135962
135982
136055
136058
136068
136084
136125
136126
136127
136128
136134
136136
136143
136166
136362
136368
136370
136379
136380
136389
136458
136462
136486
136498
136528
136529
136547
136549
136561
136564
136567
136576
136623
136629
136660
136687
136720
136725
136726
136764
136777
136779
136843
136844
136845
136846
136848
136849
136850
136853
136913
136960
136961
137011
137067
137073
137114
137117
137120
137124
137191
137224
137299
137304
137319
137352
137363
137379
137399
137418
137423
137452
137453
137454
137459
137460
137461
137462
137465
137468
137469
137470
137474
137496
137504
137505
137518
137521
137524
137525
137638
137705
137722
137731
137761
137803
137829
137848
137856
137861
137862
137890
137948
137978
138014
138019
138051
138054
138062
138064
138076
138087
138103
138117
138192
138193
138197
138198
138199
138200
138201
138204
138206
138207
138208
138211
138213
138214
138216
138217
138219
138239
138430
138439
138449
138477
138521
138522
138570
138683
138687
138691
138692
138693
138696
138768
138769
138884
138885
138894
138906
138959
138976
138994
139009
139081
139084
139085
139087
139088
139091
139092
139138
139153
139154
139157
139162
139166
139172
139263
139264
139361
139375
139417
139481
139508
139574
139575
139603
139654
139683
139684
139707
139711
139716
139777
140089
140314
140315
140316
140319
140320
140321
140322
140347
140351
140352
140353
140364
140394
140761
140948
140981
140992
141059
141128
141152
141159
141163
141164
141166
141168
141301
141302
141303
141308
141310
141313
141314
141321
141353
141474
141521
141719
141737
141795
141799
141819
141820
141821
141844
141853
141948
141988
141999
142012
142027
142051
142057
142090
142117
142125
142138
142186
142187
142192
142193
142194
142197
142198
142199
142202
142203
142206
142229
142233
142274
142282
142283
142300
142301
142335
142337
142356
142357
142368
142382
142704
143112
143122
143149
143162
143169
143174
143192
143193
143195
143202
143216
143274
143284
143316
143331
143342
143366
143430
143516
143517
143519
143535
143537
143567
143584
143625
143626
143627
143628
143630
143632
143633
143634
143636
143639
143640
143641
143643
143839
143980
146728
146729
146730
147220
147224
147250
147313
147319
147356
147376
147378
147398
147407
147417
147423
147481
147483
147489
147490
147538
147566
147567
147572
147611
147612
147815
147828
147885
147890
147892
148235
148245
148273
148323
148341
148364
148459
148460
148463
148464
148467
148537
148545
148630
148631
148717
148718
148736
148757
148804
148828
148829
148838
148873
148874
148876
148877
148878
148880
148881
148882
148883
148884
148913
148930
148940
149085
149105
149179
149214
149238
149240
149242
149261
149285
149338
149357
149358
149359
149370
149419
149441
149468
149469
149501
149576
149577
149627
149628
149629
149632
149633
149634
149635
149637
149664
149866
149884
149930
149931
149948
149952
150007
150129
150141
150302
150303
150344
150347
150353
150495
150563
150565
150568
150607
150649
150675
150680
150681
150682
150741
150850
150906
150961
150963
151024
151028
151035
151036
151039
151084
151095
151203
151299
151315
151352
151469
151504
151645
